Steps: 500	loss: 2.58974	acc: 0.33190	ppl: 13.32630	LR: 0.00030000	*
Steps: 1000	loss: 2.40723	acc: 0.35444	ppl: 11.10320	LR: 0.00030000	*
Steps: 1500	loss: 2.29078	acc: 0.37280	ppl: 9.88261	LR: 0.00030000	*
Steps: 2000	loss: 2.18909	acc: 0.38515	ppl: 8.92705	LR: 0.00030000	*
